Name,Team,W,L,SV,G,GS,IP,K/9,BB/9,HR/9,BABIP,LOB%,GB%,HR/FB,ERA,FIP,xFIP,WAR
Caleb Smith,Marlins,3,1,0,8,8,48.0,12.00,2.63,1.13,.245,89.9 %,32.3 %,14.3 %,2.25,2.93,2.94,1.3
Chris Archer,Pirates,1,3,0,6,6,30.2,9.98,4.70,1.76,.276,67.4 %,32.9 %,16.2 %,5.58,5.08,4.79,0.1
Chris Bassitt,Athletics,2,1,0,5,5,32.2,10.47,2.48,1.38,.216,100.0 %,46.2 %,17.2 %,1.93,3.68,3.35,0.7
Clayton Kershaw,Dodgers,3,0,0,6,6,39.2,8.17,1.59,1.59,.238,81.6 %,53.3 %,20.6 %,3.40,4.10,3.41,0.5
David Hess,Orioles,1,5,0,8,8,38.1,7.28,2.82,3.29,.213,68.0 %,26.7 %,21.2 %,5.87,7.16,5.63,-0.4
Domingo German,Yankees,7,1,0,8,8,48.1,8.94,2.79,0.74,.230,75.5 %,36.4 %,7.8 %,2.61,3.12,4.01,1.5
Dylan Covey,White Sox,0,1,0,3,3,15.0,3.60,6.00,1.80,.156,76.0 %,31.9 %,13.6 %,4.20,6.90,7.03,-0.2
Eduardo Rodriguez,Red Sox,4,2,0,9,9,49.2,10.15,2.90,0.72,.364,65.3 %,45.8 %,9.3 %,4.89,2.97,3.54,1.2
German Marquez,Rockies,4,2,0,10,10,64.0,9.14,1.69,1.13,.316,76.7 %,53.3 %,17.0 %,3.80,3.39,3.14,1.6
Gio Gonzalez,Brewers,2,0,0,4,4,21.1,6.33,2.11,0.42,.279,88.0 %,45.9 %,5.6 %,1.69,3.00,3.97,0.6
Homer Bailey,Royals,4,4,0,9,9,45.1,8.34,3.97,0.99,.318,64.4 %,42.9 %,12.2 %,5.36,4.00,4.25,0.7
Hunter Wood,Rays,0,0,0,1,1,2.0,4.50,4.50,0.00,.286,100.0 %,42.9 %,0.0 %,0.00,3.60,5.46,0.0
Jose Quintana,Cubs,4,3,0,8,8,47.1,7.99,2.28,1.33,.281,76.3 %,49.6 %,17.5 %,3.99,4.00,3.66,0.7
Julio Teheran,Braves,3,4,0,10,10,55.2,9.05,4.20,1.29,.261,79.3 %,40.1 %,13.6 %,3.88,4.46,4.57,0.5
Justin Verlander,Astros,7,1,0,10,10,64.1,10.77,2.24,1.54,.171,96.0 %,36.0 %,16.4 %,2.38,3.86,3.58,1.1
Lance Lynn,Rangers,5,3,0,9,9,54.2,8.07,2.96,0.99,.333,70.3 %,39.6 %,10.2 %,4.94,3.88,4.47,1.2
Marcus Stroman,Blue Jays,1,6,0,10,10,58.0,7.91,2.95,0.47,.308,69.2 %,56.7 %,7.1 %,2.95,2.99,3.67,1.5
Matt Strahm,Padres,1,3,0,8,8,44.0,7.98,1.64,0.82,.310,79.4 %,35.4 %,7.3 %,3.07,3.32,4.48,0.9
Michael Pineda,Twins,3,3,0,9,9,47.0,7.85,1.72,2.49,.301,74.8 %,32.9 %,18.8 %,5.55,5.65,4.79,0.0
Michael Wacha,Cardinals,3,1,0,8,8,42.0,8.36,5.57,1.71,.294,76.1 %,42.9 %,19.0 %,4.93,5.57,4.96,-0.1
Shaun Anderson,Giants,0,0,0,1,1,5.0,9.00,5.40,0.00,.154,40.0 %,53.8 %,0.0 %,3.60,2.90,3.64,0.1
Sonny Gray,Reds,0,4,0,9,9,44.0,9.82,3.27,0.82,.281,63.3 %,54.8 %,12.1 %,4.30,3.25,3.47,1.1
Spencer Turnbull,Tigers,2,3,0,9,9,48.2,9.25,3.70,0.74,.282,76.6 %,45.9 %,9.1 %,2.40,3.71,4.33,1.0
Trevor Bauer,Indians,4,2,0,10,10,64.2,10.44,4.31,1.11,.245,72.3 %,38.3 %,13.6 %,3.76,4.01,4.10,1.1
Trevor Cahill,Angels,2,4,0,9,9,44.0,6.75,2.86,2.86,.252,67.6 %,41.0 %,25.5 %,6.95,6.89,5.09,-0.6
Zach Eflin,Phillies,5,4,0,9,9,56.0,7.23,1.45,1.29,.272,83.3 %,44.8 %,11.6 %,2.89,3.99,4.43,0.9
Zack Greinke,Diamondbacks,6,1,0,10,10,64.2,8.63,1.11,1.11,.247,78.6 %,43.9 %,14.3 %,2.78,3.16,3.17,1.5
Zack Wheeler,Mets,3,3,0,9,9,55.2,10.35,3.40,0.65,.355,67.2 %,50.9 %,8.5 %,4.85,2.86,3.50,1.6
